54502.2510835
0.9841879854
0.953603950137
0.908555492861
0.849811409238
0.778873819661
0.698124380281
0.610798115399
0.520708864561
0.431778975269
0.347520018785
0.270675191972
0.203096648331
0.145804536898
0.0991524644672
0.0629962824904
0.0368469287233
0.0199993041855
0.0115898880052
0.0107133077301
0.0164540182656
0.0279316251612
0.0443108510175
0.0647810720166
0.0885606215773
0.11487778327
0.143007330434
0.172286840982
0.202146238477
0.232082309978
0.261645673864
0.290416100777
0.317980259345
0.343933159826
0.367903374392
0.389543411997
0.408566816762
0.424748831008
0.437920508789
0.447989113354
0.454929448123
0.458767019674
0.459574096877
0.457448297856
0.452533642137
0.445022228922
0.435124048984
0.423041074188
0.408938859416
0.392977180756
0.375305568521
0.356117538546
0.33566976976
0.314301150715
0.292406162199
0.27038443451
0.248561731365
0.227181086397
0.206438580886
0.186591196498
0.167970749972
0.150930274992
0.135731588976
0.122511654721
0.111227700685
0.101686228753
0.0935816216583
0.0865418835385
0.0801912804761
0.0742220367286
0.0684444252287
0.0628190869729
0.0574519261288
0.0525265565467
0.048221861122
0.0446289236378
0.0417495399576
0.0395777509435
0.0381239231576
0.0374028459973
0.0374118248691
0.0380809387026
0.0393309810513
0.0410928748105
0.0433355872111
0.0460326835905
0.0491168809951
0.0524477747275
0.0558146193643
0.0589677563236
0.0616613383213
0.0636695748724
0.064815885559
0.0650173615975
0.0643106294459
0.0628417697018
0.0608178828435
0.0584581650197
0.0559554070226
0.0534584524579
0.0510535957411
0.0323879675188
0.0302337835791
0.0282058607738
0.0263815268304
0.0248194152007
0.02227103403
0.0213837438777
0.0208445045414
0.0195041461992
0.0196385663867
0.0200578330239
0.0207149693949
0.0215458816632
0.0212686002474
0.0221720430043
0.0229632370645
0.0235647828709
0.0239270714972
0.0240189423928
0.0238389504476
0.0234121382128
0.0227856323028
0.0220083045409
0.0211345676029
0.0202098629002
0.0192608117458
0.0173387557926
0.0163567503943
0.0153589906235
0.0143412362185
0.0133053835113
0.0122534309221
0.0111907882158
0.0101167504632
0.00902350170265
0.00788642982109
0.00669051758695
0.00541849575828
0.00406375831638
0.00261370231805
0.00106464036292
-0.000570667429318
-0.00226684615072
-0.00399539447089
-0.0057210874478
-0.00740168476475
-0.00899794601199
-0.0104754323904
-0.011809617276
-0.0129697741959
-0.0139459623277
-0.0147396156628
-0.0153454766375
-0.0157617026727
-0.0159693209912
-0.0159439852754
-0.015653184894
-0.0150599165052
-0.0141331094048
-0.0128462403065
-0.0111988998551
-0.00920565078794
-0.00689928225415
-0.00433507761502
-0.0015859586786
0.001259556093
0.00410353906194
0.00683321015078
0.00933435946973
0.0114942200215
0.0132202756135
0.0144531907305
0.0151601360977
0.0153409352499
0.0150294684705
0.014287504433
0.0131777223789
0.0117766557978
0.0101568798431
0.00839064703951
0.00654160772491
0.00467951372324
0.00286693064136
0.00117296995219
-0.000347041356851
-0.0016505243013
-0.00271952261571
-0.00356770272886
-0.00422493738956
-0.00472525690254
-0.00511019510356
-0.00541762732668
-0.00566785313855
-0.005873500404
-0.00603731277484
-0.00615213228316
-0.00621335320044
-0.00621823903265
-0.00617156176645
