84.7683845922
83.0722310723
79.6529473693
74.9653801297
69.7026077754
64.749662503
61.0541774746
59.4407372797
60.4042073036
63.9751497751
69.7248098299
76.9023684259
84.6305146863
92.0977784954
98.6828121169
104.016191212
107.982395984
110.6891522
112.409646167
113.512185174
114.397027581
115.425921647
116.883931292
118.957019744
121.718633142
125.127370623
129.051447655
133.312145045
137.733028197
142.188262172
146.629592386
151.078148148
155.589051957
160.186478587
164.81833781
169.376371798
173.743928201
177.853593511
181.704076264
185.348922706
188.847352812
192.237005689
195.523333809
198.701734651
201.766000429
204.704274051
207.484035445
210.045341152
212.327209975
214.279078125
215.866652951
217.065961654
217.851349388
218.196293967
218.067749364
217.452428014
216.379301629
214.940424638
213.291203673
211.644446843
210.231292645
209.217123656
208.63173542
208.413944552
208.480197394
208.767059407
209.229803251
209.814783884
210.426958154
210.938220133
211.256748768
211.359267071
211.273329581
211.042715531
210.704008338
210.289679402
209.832256313
209.355689133
208.866406895
208.349470165
207.799934914
207.263608162
206.807432105
206.432382495
206.065188056
205.638414347
205.132983784
204.586738535
204.083167048
203.708162673
203.498555366
203.425837295
203.384905438
203.196414147
202.666115087
201.718476912
200.4686156
199.119657031
197.828200466
196.689235157
195.75561086
195.027956232
90.1504376144
92.0160224155
95.2610399589
99.4339646356
104.066694037
94.4056933384
98.7445222796
102.711122484
93.1995316387
95.9273643939
98.1711837651
100.018834947
91.5338631962
93.0200929978
94.4101873141
95.5920424116
96.4730227351
97.0300865176
97.3054596474
97.3763768253
97.3363665003
97.2812077652
97.2905976477
97.4030210095
97.5984629372
97.8220665004
98.0292226298
98.212232192
98.3863486284
98.5716353105
98.7765629106
98.9904808987
99.1828370346
99.3057507113
99.3053681171
99.1483808947
98.8397292823
98.4190639899
97.9536145662
97.5253267444
97.2173046075
97.0963490147
97.1982255175
97.5215108156
98.0315819758
98.6690647405
99.3620016188
100.037526129
90.5905830581
91.1713981525
91.7196733383
92.2280452593
92.7022351416
93.146077511
93.5579313174
93.9253046248
94.2342101411
94.4779203781
94.6607071439
94.7958952995
94.8997530801
94.9860668228
95.0612191812
95.1271594327
95.1779362161
95.203016664
95.1867394983
95.1052263584
94.9382574929
94.6780558893
94.3354820878
93.9349799357
93.5100657685
93.0866683134
92.6824190862
92.3166181412
92.017593804
91.8171246189
91.7422591524
91.7893414665
91.9318049934
92.1280715273
92.3450317956
92.5603741348
92.7614549719
92.9410575793
93.0967302481
93.2264251817
93.330670505
93.4115102547
93.4736252452
93.5273179463
93.5877503432
93.667388344
93.7686918653
93.8810341583
93.9874070939
94.071039906
94.1191139327
94.1250616891
94.084086392
93.9997935056
93.8833236294
93.7590017783
93.6573058016
93.6094325969
93.6344044317
93.7334993582
93.8914158065
94.0820543632
94.2758079623
94.4452709484
94.5713073845
94.6420722042
94.6553998508
94.612764164
94.5178092204
94.371752974
94.1687412911
93.9068768098
93.6008777828
93.2809296128
92.9913326286
92.781937213
92.6963639499
92.7594509643
92.9720584635
93.310368122
93.732068317
94.1861735864
94.6283342171
95.023315236
95.3461579853
95.5833864328
95.7271412787
95.7677880558
95.6952818128
95.5032982726
95.1993091136
94.8087467442
94.3767384979
93.9561131095
93.5888841837
93.2885530063
93.0349795941
92.7870541103
92.5093842664
92.1893523918
91.8402086585
91.4889643825
91.1644025598
90.8885108634
90.6792921973
90.549763421
90.509344878
90.5614324154
90.6956583435
90.8894952844
91.1085042064
91.3191591149
91.5049198436
91.672467305
91.8450365409
92.0417148938
92.2660023375
92.4947557009
92.6896656273
92.816852929
92.8566765686
92.8179888521
92.7389135359
92.6754955203
92.6734035165
92.7541393498
92.9158879217
93.1388807461
93.3968186295
93.6595796651
93.8999760652
94.1026773589
94.2626240433
94.3847479401
94.4719100045
94.5217245321
94.5250289811
94.4792156742
94.3883067552
94.2707760797
94.1564320635
94.0788566541
94.0665843545
94.1286739989
94.2463243331
94.3774468535
94.471870758
94.4856465092
94.3958563681
94.2013714869
93.9183771524
93.5720097636
93.1866811201
92.7806257699
92.3691531291
91.9693380947
91.60600561
91.3064151709
91.0963755758
90.9900083218
90.9867453058
91.0776073614
91.241430142
91.4531779268
91.6854204518
91.9133607911
92.1196835242
92.2984331799
92.4525959404
92.58919805
92.7198771911
92.8556314442
93.0105744735
93.1921409444
93.3995596961
93.624743926
93.8514952087
94.061979529
94.2378129656
94.3610851522
94.4192369535
94.4033295707
94.3107587821
94.1424510675
93.9033185783
93.6042668484
93.2565170138
92.8733385541
92.4645808688
92.0386705674
91.6070985853
91.1836844826
90.7901624903
90.4520048414
90.1943373169
90.0376976755
89.9987442023
90.0877461658
90.3077767562
90.6515788861
91.0980324647
91.6156466902
92.1608574934
92.6903728813
93.1685506818
93.5759173012
93.9083810581
94.1776898906
94.3991619374
94.585629209
94.7475989377
94.8899005773
95.0136719106
95.1180141838
95.2020982481
95.2686009733
95.3229307063
95.3685926298
95.404936225
95.4199282697
95.3900610853
95.289114309
95.0956623052
94.8002340033
94.4093085285
93.9492937927
93.4621965229
93.0045785063
92.623993359
92.3446005309
92.1664554095
92.0788900829
92.0722264758
92.1374902165
92.2651263234
92.4449564051
92.6690447249
92.9361519325
93.2557644758
93.6374618345
94.0763984827
94.5416391493
94.9881640428
95.3706496539
95.6592162673
95.8367824966
95.8947836115
95.8173263305
95.5803697664
95.1617758031
94.5515605844
93.7637873192
92.8377055302
91.8334257573
90.828945587
89.9061904521
89.1452474268
88.6054661927
88.3213428717
88.3047448556
88.5497477879
89.0338819851
89.7195682582
90.5551901107
91.4808678642
92.4341554684
93.3575508747
94.2008780452
94.9281068547
95.5196202989
95.9660770042
96.2668517264
96.4212160589
96.4272157453
96.281775384
95.9857783502
95.5524515146
95.0124023293
94.4125362674
93.8124598482
93.2790028167
92.8755552758
92.65083602
92.627440076
92.7822630741
93.0563311285
93.363652367
93.625354271
93.7888888927
93.8327666628
93.7657176945
93.6128231895
93.4073438557
93.1838134012
92.9728097707
92.7984448072
92.6779103734
92.6231207404
92.6421246216
92.7346009018
92.8953230694
93.1108112409
93.3672910947
93.6466829817
93.9239408342
94.165537222
94.3358237385
94.4076735801
94.3625477293
94.1984923833
93.9242034554
93.5552572726
93.1198219003
92.6607562456
92.2395666194
91.9237570707
91.7717343165
91.8119747967
92.0273823534
92.354533105
92.7020117166
92.976414987
93.1100399879
93.0756174163
92.897607202
92.6388941708
92.3764104566
92.1722250371
92.0569327113
92.0300514907
92.0744134671
92.1705641957
92.3102907091
92.4975345072
92.7434186624
93.0610121668
93.4516857565
93.9074813691
94.4127186435
94.9524643741
95.5127297687
96.0676600625
96.5756802415
96.9837739927
97.2438440661
97.3283177654
97.2410896185
97.0107984339
96.6787199725
96.2832741883
95.848987266
95.3826682818
94.8802459099
94.3308760827
93.7205735757
93.0448315195
92.3123869819
91.5487705107
90.7993380435
90.1249000824
89.5907994157
89.2504502074
89.1285846766
89.2105051985
89.4477502533
89.7795009025
90.144054165
90.4973615806
90.8169496385
91.0990386569
91.3522426788
91.5879003402
91.819948003
92.0596387331
92.3135217278
92.5829028654
92.8647081902
93.152132526
93.4361096697
93.70904545
93.9668569889
94.2105674584
94.4425889601
94.6627119818
94.8597938181
95.0131435021
95.0996037324
95.1035376207
95.0257439013
94.8780579542
94.6879005534
94.4877033557
94.3092083438
94.1805569815
94.1169272415
94.1262479611
94.2035062959
94.3291797853
94.4732482744
94.5942689615
94.6562764742
94.6388977551
94.551640915
94.4291064855
94.3065696439
94.2032623094
94.1174787268
94.0405034351
93.9708377548
93.9152517313
93.8767521876
93.8486339533
93.807926565
93.7259138356
93.5751419593
93.3388009172
93.0160312137
92.6289211975
92.2194216391
91.8413322794
91.5411961925
91.3387120518
91.2228810313
91.1598359683
91.1122379012
91.0554886135
90.9855062591
90.9147486393
90.8628735637
90.8455180432
90.8644672088
90.9049758479
90.9400754866
90.945470347
90.9046042471
90.8196605038
90.7069079625
90.5850011323
90.4738428534
90.3899356216
90.3437585854
90.3475019978
90.4092190559
90.5315458752
90.7084136276
90.9244411037
91.1611812821
91.4025779125
91.6450986526
91.8883924841
92.13292639
92.3746551806
92.6004329545
92.7974850857
92.9595445479
93.0904673502
93.2021047622
93.3150158109
93.4450808965
93.6040720456
93.7906127539
93.9928453165
94.1831943124
94.3256958433
94.3855320245
94.3372307698
94.1771152456
93.9220962686
93.6075965202
93.2749435416
92.956365177
92.6707320584
92.4201065078
92.1926228215
91.9725757488
91.7503242852
91.5218113545
91.2943923424
91.0812486191
90.9041500037
90.7842895699
90.739678232
90.7776851332
90.8887222439
91.0484703096
91.2285659038
91.4019048249
91.5530070188
91.6788753439
91.7891895765
91.896945699
92.011041478
92.1314486202
92.2454231243
92.3358146948
92.3835360023
92.3780283246
92.3177730297
92.2139866456
92.086036688
91.9588229364
91.852646973
91.7775803181
91.7305808534
91.7013806888
91.6811879254
91.6694490755
91.6746734857
91.7093805686
91.7907565597
91.9303107762
92.134433366
92.3974226955
92.699820248
93.0186453773
93.3333520858
93.6293407838
93.902211969
94.1561997029
94.4004855226
94.6419053762
94.8815341842
95.1106194406
95.3179872961
95.4873258243
95.6075043454
95.6728346384
95.6833699456
95.6401885752
95.5491484485
95.415268649
95.2484240272
95.0600608963
94.8661302577
94.6855777714
94.5353310312
94.422543687
94.3466709622
94.298452505
94.263496938
94.2256213211
94.1709433017
94.0900843884
93.9830866857
93.8584263551
93.7280486026
93.5952465323
93.4538174174
93.2904672207
93.0901675613
92.8497063643
92.5813852637
92.3123660018
92.0803525913
91.9263036718
91.8882825674
91.9870210966
92.2229211326
92.5707288642
92.9791183598
93.3805068534
93.706409998
93.9022750698
93.9408407969
93.824459531
93.5806238738
93.2582241311
92.916619032
92.6146190948
92.4027875166
92.3104459677
92.3404236223
92.4694086831
92.6640571677
92.8907513515
93.1256497256
93.3559255324
93.5759432492
93.7798016336
93.9636978266
94.1272480175
94.2741403845
94.413215631
94.5511043553
94.6862479025
94.8098864445
94.9046859357
94.9495302604
94.9251320558
94.819430118
94.6330343567
94.3812470376
94.0926871214
93.8064233132
93.5580863243
93.3767911348
93.2767735302
93.2611582788
93.3279238714
93.4694110449
93.6741338075
93.9220417433
94.1805369435
94.4056247888
94.549650743
94.5725501904
94.4535970025
94.1972900022
93.8319529027
93.3973579475
92.9341196837
92.4800359881
92.0623661668
91.6946509161
91.3798224945
91.1123428099
90.8880286071
90.7130102764
90.6039539722
90.5830205489
90.6699801696
90.8664908473
91.1476306517
91.4600184551
91.7351979455
91.9141526725
91.9576659194
91.8619357594
91.6573953276
91.4023464727
91.1725709366
91.0419429426
91.0597397205
91.2324073801
91.5232567019
91.871751684
92.2197642624
92.5297662776
92.7917740956
93.0173284581
93.2313153151
93.4555461345
93.6965791564
93.942540765
94.1709947059
94.3560345054
94.4757230508
94.5122756191
94.4552927508
94.3094948271
94.1033326034
93.883172424
93.6988428194
93.5884081708
93.5600156468
93.5892167744
93.6287154821
93.6301997426
93.5595501522
93.4077753785
93.1910455468
92.9354139512
92.6674158798
92.3992946463
92.130840484
91.8512109478
91.5423493261
91.1865273712
90.7723016504
90.2998432268
89.785149856
89.2612930461
88.7691912396
88.347076223
88.0209791275
87.7996159149
87.6807680952
87.6605740674
87.7384060095
87.9177522207
88.2042309766
88.5959336441
89.0810111401
89.6415946058
90.2495536078
90.870548125
91.4678079614
92.0016177474
92.4320849364
92.7262541658
92.8607800132
92.8284590829
92.6395892665
92.3241386873
91.9277416377
91.5000994379
91.0864045885
90.7145757611
90.3934424026
90.1212107974
89.8956698699
89.7219426424
89.6183274899
89.609395543
89.7133328316
89.9330781927
90.2485274045
90.6202592807
90.9998321673
91.3394981181
91.6085837315
91.7970122947
91.9137442774
91.9756091366
92.0012719859
92.0054382033
91.9941961685
91.9649438926
91.8979251467
91.7632354846
91.5320358471
91.2009329798
90.8033839302
90.4053409318
90.084867006
89.9058174553
89.8969748398
90.0449162502
90.2975772269
90.581529466
90.8276029011
90.9915433229
91.0614493667
91.0574254438
91.0218318147
91.0057082805
91.0543389033
91.1879153576
91.3992238651
91.6530309084
91.9075816372
92.133632441
92.3295795873
92.5081156945
92.6824763063
92.8589016869
93.042894131
93.2506841803
93.5068247441
93.8269682628
94.1967446839
94.5699129414
94.8863337601
95.0987906364
95.1885194323
95.1648812025
95.0498667581
94.8650061161
94.6257885125
94.3417341491
94.0208571674
93.6712139762
93.3026198512
92.9244158372
92.5479173828
92.1896649563
91.8701074226
91.6094900627
91.4293316671
91.3479209256
91.3798119417
91.5311269561
91.7864875506
92.1112531374
92.4597265395
92.7926520193
93.0852435422
93.329468622
93.5259735211
93.6790958999
93.7907671308
93.8631411254
93.8961598068
93.8944899639
93.8636940909
93.8074794319
93.7227360311
93.5932581515
93.3981147749
93.1222947279
92.7654142577
92.3421527834
91.8837308343
91.4285431043
91.0237003253
90.7117655667
90.522823513
90.4596640224
90.4967227101
90.58814788
90.6888438037
90.7730906293
90.8368052275
90.8934429352
90.9568406329
91.0315702065
91.1087998053
91.1745012568
91.2169329971
91.2381833198
91.2548254858
91.2907345893
91.3695584358
91.5052519892
91.6969491664
91.932362761
92.1896459037
92.4413472821
92.6555133108
92.8064725562
92.8807445721
92.8794588334
92.8227082852
92.7444885599
92.6794814661
92.6453050085
92.6314528818
92.6045606479
92.523403994
92.3622684137
92.1224375094
91.8257863283
91.5036308187
91.1832294264
90.8756458781
90.58089913
90.2967383818
90.0224119257
89.7690450712
89.5533686977
89.3980975162
89.322540587
89.3323172224
89.4122669336
89.5337387005
89.6670748258
89.805650949
89.9695599853
90.1994528999
90.5330516405
90.987075966
91.5473895333
92.1719415709
92.801229954
93.3810055535
93.8755814981
94.2723603658
94.5751713099
94.7962839878
94.949834584
95.0456541563
95.0945892434
95.1059102005
95.0920558605
95.0682895805
95.0531973548
95.0677995618
95.1304321333
95.2492732753
95.4201115447
95.6271318409
95.8462672796
96.0471219726
96.1969793746
96.2611286037
96.208563204
96.0244225646
95.7124263522
95.2927300557
94.8002563846
94.2724818841
93.7457965711
93.2541589679
92.8305319743
92.5078719882
92.3145460797
92.2631932607
92.3464218314
92.5338421213
92.7827225167
93.0488292952
93.2961571376
93.4952098845
93.6241265713
93.6677465727
93.6135670077
93.4569403457
93.1997360231
92.852156943
92.4349677693
91.9831833215
91.5377577166
91.1375907421
90.8077562281
90.5568865686
90.384521528
90.2904340261
90.2783115489
90.3466050167
90.4867018497
90.6786898799
90.9045500865
91.1508481368
91.4099229011
91.6740191133
91.9354295961
92.1863150973
92.4133355001
92.5968952511
92.7122755771
92.7382681719
92.6710906142
92.5254279105
92.3256104169
92.096317277
91.8520695944
91.6032736519
91.3633157061
91.1501252638
90.9808801357
90.8637628267
90.7995325338
90.7762503293
90.77611868
90.7722197451
90.7422593043
90.6757327198
90.5772771432
90.4675260226
90.3810394026
90.3561152058
90.4295394309
90.6367807009
91.0078650168
91.5501314339
92.2377770519
93.0146574125
93.8141339887
94.5754324608
95.2530616592
95.8103842937
96.2163399989
96.4465351607
96.4848687239
96.3281872757
95.9938947544
95.5202566712
94.9575461437
94.3596645397
93.7673756902
93.2068763906
92.6881338255
92.2144920175
91.7926906884
91.4346009474
91.1548014622
90.9611634607
90.8476943898
90.7917393399
90.7603336763
90.7206330388
90.6514079823
90.5477105971
90.4186383175
90.2797365118
90.1440415221
90.0158096532
89.8968554401
89.7885258497
89.6993913058
89.6471484883
89.6564249696
89.7566026112
89.9698048149
90.3037087403
90.7476034476
91.2786638064
91.8644513958
92.4693555871
93.0597871577
93.6080182979
94.093911002
94.5036105853
94.8268311609
95.0595727783
95.2022646666
95.2639271552
95.2623112592
95.2192811677
95.1539282765
95.0747944261
94.9772303629
94.8521699325
94.6956554827
94.5128010611
94.3115965331
94.0956528695
93.8619923994
93.6030749214
93.3085724025
92.9739361874
92.6064911157
92.2278482275
91.8700920818
91.5725922327
91.3704207953
91.2881864089
91.3333072413
91.4893797713
91.7166382563
91.9620267344
92.1734970724
92.3112549188
92.3612557658
92.3412056431
92.291160636
92.2575719172
92.2757683206
92.3520305783
92.4646464782
92.5779037509
92.651107475
92.6556127977
92.5828235765
92.4425291653
92.2605887793
92.0642480148
91.8801674626
91.7300560186
91.6286385201
91.5805249115
91.5816403719
91.6238218543
91.7041745072
91.8202064494
91.9661499755
92.1308534632
92.2994893776
92.462405807
92.6140948003
92.744816552
92.8396862664
92.8878397125
92.8837560531
92.8299444542
92.7307340654
92.5828313375
92.3791150156
92.1243936335
91.842006157
91.5699584197
91.3506801204
91.2175279128
91.1881041137
91.2611769045
91.4193488312
91.6297229497
91.8470475568
92.0282591789
92.1526966507
92.2278384058
92.2809817588
92.3329787158
92.3794345055
92.4038675612
92.4002327888
92.3825856697
92.3810505817
92.4294424486
92.5503381854
92.7452102922
92.9867498493
93.2254709902
93.4054970484
93.4817502669
93.4298829834
93.2510199871
92.9708834378
92.6321421329
92.2859093325
91.9840029361
91.7656822782
91.6528060571
91.645020541
91.7236655774
91.863217865
92.0352071788
92.219140676
92.3990776343
92.5631091539
92.698646719
92.7890480563
92.8174504862
92.7643351717
92.6221481657
92.3955486339
92.1037630689
91.7760337596
91.4474765885
91.1493515658
90.9097355906
90.7535992098
90.6994586697
90.7627183344
90.9475755109
91.2436349141
91.6252539433
92.0547357929
92.4879642037
92.8810785595
93.1944071729
93.391834871
93.4454411333
93.3420687527
93.0850769291
92.6956600607
92.2153881735
91.6964823331
91.1965996891
90.7700047683
90.455595992
90.2766183756
90.2336001053
90.3063306074
90.4602907975
90.6517866698
90.838130253
90.9860640321
91.0776810789
91.1136912923
91.1119900097
91.0986516353
91.101405522
91.1399976687
91.2205377958
91.3352269444
91.4728844292
91.6297850002
91.8146918906
92.0391794782
92.308217675
92.6187331072
92.955030811
93.2940324908
93.6079912227
93.86454047
94.0356462366
94.1013196214
94.0569657366
93.9156839937
93.7069582025
93.4729445063
93.2604240403
93.1095871384
93.0493639225
93.0959034344
93.2484967087
93.4896227903
93.7846027115
94.0878946912
94.3438347776
94.4999547767
94.5172165573
94.3795689423
94.093034905
93.6812960108
93.1732050269
92.5982260785
91.9850352313
91.3727498858
90.8133350668
90.3701823286
90.1042341079
90.056293134
90.2324900293
90.6030651388
91.1105566973
91.6851063653
92.2559235313
92.7617275903
93.158797734
93.4204196549
93.5354841691
93.5083315358
93.358557764
93.1165361454
92.817132446
92.4909323082
92.1626515402
91.8475764131
91.5539667495
91.2816405221
91.0227013296
90.7647258729
90.5012717099
90.2366496576
89.9925267011
89.8017582261
89.6952257372
89.6880377935
89.7743307643
89.934359418
90.1420031133
90.3760171877
90.6235316553
90.8789375004
91.1384351944
91.3992989496
91.6571189605
91.9035148751
92.1264083317
92.3100951154
92.4443489253
92.5289988151
92.5762652636
92.6090504672
92.6537850388
92.7295703175
92.8431541692
92.9880203383
93.1537041313
93.3329517501
93.5237138039
93.7187322705
93.8988089351
94.0396704296
94.1228078076
94.1501384784
94.14543863
94.1453427849
94.1826555788
94.2748762162
94.4109891417
94.5615474377
94.6939620351
94.779620937
94.8036982425
94.7588362686
94.6452250771
94.4617520746
94.2082880142
93.8912226713
93.5266243759
93.1449414481
92.7787654395
92.4593826682
92.2099578247
92.0455129534
91.9743683899
91.9942071086
92.090481457
92.2344391208
92.3931807179
92.5409027948
92.6643149774
92.7608892853
92.8288911212
92.8641485576
92.8610090176
92.8155375413
92.7279445292
92.6005427084
92.4373067235
92.2413925506
92.0161826504
91.7672596352
91.5003075623
91.2203100572
90.9305092025
90.6337483152
90.3311058015
90.029401784
89.7451035471
89.5034786064
89.3343383717
89.2631960767
89.3047225082
89.457818591
89.7057182534
90.0215349637
90.3722699113
90.7248875197
91.0479801228
91.3202991461
91.5342393613
91.6961888853
91.8221530778
91.9343450096
92.0551958906
92.2031119511
92.3871702616
92.6047826932
92.8456098638
93.0917606234
93.3239878175
93.5230497302
93.6779056772
93.7853851986
93.8533890115
93.8953327331
93.9223538564
93.9321875927
93.9119572933
93.842320941
93.7082152712
93.5027091594
93.2290144467
92.8955820883
92.5191358559
92.1215007523
91.7332382731
91.3929222633
91.1460377391
91.0336942935
91.079975088
91.2853524695
91.6279994792
92.06813384
92.5522978224
93.0223039586
93.4263187109
93.7292876306
93.9185781036
94.0000237343
93.9930849899
93.9273085499
93.8364129977
93.7504912551
93.6898231963
93.6573605208
93.6446400879
93.6354881264
93.6124361142
93.5641806851
93.4838480208
93.3708803119
93.2245958601
93.0470317279
92.8412712805
92.6134794778
92.3743340938
92.1405091893
91.9332065733
91.7717590471
91.6690270787
91.6293115803
91.6437439529
91.6987520789
91.7734721312
91.8440064367
91.8913045191
91.9016783676
91.8715552676
91.8073808499
91.7295181869
91.6658343263
91.6410096804
91.6660100504
91.7350632973
91.8283052013
91.9208126743
91.9920333809
92.0329816166
92.0431734752
92.0272987293
91.9942679737
91.9520148104
91.9059461149
91.8571374631
91.8144087479
91.7958881278
91.8358675998
91.9735623912
92.226583836
92.5694736867
92.9377137953
93.2566675269
93.4702813676
93.5528988877
93.5078786998
93.3585045203
93.1359297173
92.8664711225
92.5700488165
92.2591982228
91.9490293943
91.6610358956
91.4207474287
91.2495434737
91.1563434398
91.131474783
91.1468090963
91.1636361445
91.1444347039
91.0672427757
90.9323474711
90.7598205425
90.5805892566
90.4290997908
90.3384775073
90.3387543274
90.4585606079
90.7160473631
91.115955909
91.6398041177
92.2424330495
92.8565740072
93.3983809587
93.7880277533
93.9670052557
93.9079048898
93.6196862488
93.1429455649
92.5408513947
91.8842396888
91.2380568786
90.6458719574
90.1272190928
89.6794471607
89.2888829633
88.9448872662
88.653819756
88.4378517473
88.3332995198
88.3683733002
88.5462215725
88.8383509233
89.1956441646
89.564527894
89.9016423114
90.1794019262
90.389016507
90.532560034
90.6229965133
90.6739608444
90.6987300144
90.7113700591
90.7280852395
90.7645042916
90.8260311676
90.9090536761
91.0055930968
91.1136811679
91.2360024529
91.3786273678
91.5477326888
91.7501780497
91.9970580903
92.3035740423
92.6781061717
93.1101127458
93.5682222604
94.0133498397
94.4147617397
94.753510201
95.0253617536
95.2308798223
95.3748206514
95.4676378423
95.5206526068
95.5473895389
95.5588887079
95.5608920485
95.5536444528
95.5366181404
95.5001762696
95.42208239
95.2701413024
95.0135005934
94.6361438543
94.1491853844
93.5872459065
92.9959987468
92.4223579096
91.9052900403
91.4778345737
91.1669811504
90.9961208958
90.982022838
91.1295412293
91.4374693057
91.8935086882
92.4767975282
93.151482887
93.8678596016
94.5650545949
95.1797775362
95.6612002894
95.9759168885
96.1103337861
96.0657074198
95.8585604365
95.5129567343
95.0570012521
94.5220955526
93.9437904091
93.3650792413
92.8324526742
92.3904835932
92.0737964673
91.9055193653
91.8961907262
92.0372990209
92.3031491038
92.6490364949
93.0175883286
93.3544540697
93.6190316497
93.7898698825
93.8593694788
93.8251932179
93.685071784
93.4354531147
93.0799636089
92.632528377
92.1236500894
91.5979621971
91.1042299231
90.6790271161
90.3440628616
90.1041516358
89.9597640815
89.9179316147
89.9968105954
90.2192358244
90.6001764788
91.132324069
91.7799277249
92.4813788384
93.1635377273
93.7629723477
94.2442019934
94.6093287724
94.8885914089
95.1154527667
95.3018442775
95.436880771
95.5034024852
95.4983438866
95.4358868509
95.3326061763
95.200309131
95.0376347549
94.8315493038
94.5699668275
94.2541303219
93.9039698003
93.5600771679
93.2670955357
93.061496687
92.9568548803
92.9450017993
93.0036629107
93.1047874781
93.2212729707
93.3320635168
93.424113489
93.4882550134
93.5183359308
93.5111856892
93.4721811278
93.4260265139
93.4151307403
93.4829683745
93.6509727787
93.8969767842
94.1622309102
94.3758540946
94.4847921333
94.4702348583
94.3410333088
94.1258569884
93.8620068773
93.5840483872
93.3217086399
93.0985283941
92.9339283063
92.8359965718
92.7978267463
92.7991832303
92.8140992936
92.8306968387
92.8506005395
92.8749243593
92.8994274216
92.9182498787
92.9305783632
92.9560242253
93.0264781915
93.1705597972
93.4013297399
93.7054425089
94.0478267323
94.3830333512
94.6687223137
94.8757052331
94.9913184087
95.0225027163
94.9830153465
94.8891446476
94.7483204054
94.5571247857
94.3065630477
93.9918117006
93.6210835993
93.2169844568
92.8163372472
92.4556777546
92.1624522561
91.9540523609
91.8364502914
91.8023728805
91.8353849844
91.9125641023
92.0092332838
92.1093510545
92.2048639921
92.297881379
92.3956023408
92.5048054609
92.6284371738
92.7658653401
92.9117322863
93.0553161041
93.1818709788
93.2721846581
93.304450865
93.2552188203
93.1066544263
92.847528624
92.476112884
92.0040197087
91.454321227
90.8600546117
90.2585230566
89.6892251561
89.1892126749
88.789615005
88.5195910763
88.4037732307
88.4562759973
88.6804677359
89.0663495359
89.5898163527
90.2189928821
90.91286449
91.6277119726
92.3167838441
92.9428872114
93.4853836779
93.9415364991
94.3171031739
94.6077355049
94.7956318684
94.8515197749
94.7504817376
94.4781359591
94.0425020508
93.480895396
92.8623209109
92.2809897326
91.8413762072
91.63100207
91.6968757449
92.032699548
92.5828421586
93.2526953829
93.9313850592
94.5161538478
94.924314331
95.1096976013
95.0670067199
94.8308081075
94.4634648352
94.0375652775
93.621143051
93.2576517332
92.9608950658
92.7231956448
92.532721555
92.3787356839
92.2535342629
92.1486819411
92.053445996
91.9635808445
91.8864911902
91.8439467731
91.8654187115
91.9767117514
92.1855493169
92.4779643343
92.8175540921
93.1555012918
93.4412068168
93.6396695865
93.7346370964
93.7365730054
93.677880888
93.6001788313
93.5491415291
93.5550015955
93.6318670038
93.7730761072
93.9514864479
94.1308900097
94.2686373714
94.3288645009
94.287234055
94.1398330958
93.9037592491
93.6113323251
93.2980781355
92.9914451345
92.7050404137
92.444528003
92.2107347067
92.0100797831
91.8529328387
91.7450227327
91.6792889432
91.6363630616
91.5930393757
91.533685193
91.4531526524
91.3586036123
91.2663156625
91.1943521276
91.1631358673
91.1988973252
91.3299196198
91.577354956
91.9515184393
92.4450077444
93.0325977687
93.6757929415
94.3185267508
94.8991698741
95.3564586205
95.6458863884
95.7533222476
95.7041675677
95.5412837738
95.2932000179
94.9578014991
94.5279889536
94.019522418
93.4773539565
92.9562695851
92.5038046427
92.1460956237
91.8836908702
91.6979464593
91.5668516192
91.4749388841
91.4129124705
91.3750509897
91.3539448366
91.3433756318
91.3401138481
91.3472471109
91.3750150014
91.4320110487
91.5175182219
91.6132071067
91.6901610393
91.7166335303
91.6701014762
91.541348961
91.3344722078
91.0692416177
90.7764893464
90.5008404785
90.2965353919
90.212192849
90.2782727188
90.5034287205
90.8650814421
91.3178814396
91.8006272056
92.2517821789
92.6257620976
92.9035189362
93.097754203
93.2387816428
93.3615357112
93.4903968123
93.6355873435
93.7974594403
93.9758770856
94.1718626616
94.3831747355
94.6048608629
94.8271746806
95.0356764483
95.2116649981
95.3348104421
95.3930242701
95.3841455905
95.3149991897
95.1951139744
95.0340881677
94.8380603411
94.6100319537
94.3515070754
94.0731160396
93.794782855
93.5435978619
93.3453144834
93.2101799203
93.12456914
93.050385427
92.9393656816
92.7518219193
92.4761241212
92.1304121685
91.7534404865
91.3936877988
91.0948307495
90.8869910428
90.7830063954
90.7744741552
90.8380720624
90.9400741445
91.0397673805
91.0974036345
91.0798292593
90.966362538
90.7522600793
90.4594033742
90.1322452232
89.8311795408
89.6129240287
89.5114904637
89.5342984573
89.6641405812
89.8680596951
90.1172487114
90.3902187712
90.6778719468
90.9808464363
